-0.4236496352551972 -0.04052163933425929
-0.1725876241672775 -0.22239486843867332
-0.3973775450829808 -0.6357131111663578
0.19924409459662468 -0.3146275077986957
-0.04128777622416465 -0.10119259177154029
0.32385318635959204 -0.18705743674786737
-0.3600561400088944 0.12610431898007474
0.42236433640795096 -0.5297928015256013
-0.3226980473473889 0.8517661324559747
-0.7291917453785477 0.1436426982131917
-0.9026811543827175 -0.12102256973267082
-0.27845600872704246 -0.3667232108645823
-0.23570898578341157 -0.5401985999756694
0.17569770252795547 0.34643330553709284
0.2264458109790595 0.6747308745871922
0.6024149574288831 -0.0971387810464928
-0.6238394980311389 0.6636891873151394
0.3739672544021114 -0.35819685423181685
0.3095095455146304 -0.6690858657938633
-0.06280641361062973 -0.7395795616574806
0.5789525778903273 -0.42335708396376637
0.3726086420065096 0.8311423893993268
0.2602814935102581 0.003912960052015395
0.8339906986728421 0.36301328684184475
-0.10145291046037833 -0.3883381293845343
-0.5053044088279165 0.3888328394958991
-0.7470699268662666 -0.0338177254717925
0.02735510249963515 0.9104462827681138
0.27587365358985794 -0.8679328525403595
0.8046705373677103 -0.42493120584492694
-0.38556468618884354 -0.8229855702185019
-0.3396925245892458 0.3222181052462889
-0.3100720633515864 0.49807540060634325
-0.12035639828180245 0.7225847724743732
-0.17256240216796756 0.3846211845455682
0.24934836246580597 -0.48589723775924937
0.8728752713054483 -0.2601702706661407
-0.3498177799629634 -0.20314964945882763
0.11649331804492874 -0.7880419073936256
0.05757517312694144 0.7337188359535612
-0.1505890708157584 0.8982998519435431
0.5487049016182374 -0.6561909888709444
-0.09634076913492955 0.5458774350619656
0.7400128795799078 0.06604012080696743
0.7804303111415779 -0.10762047014096982
0.19525905545221284 0.8503313121065403
0.7017670005004629 0.24035727296849146
-0.46446703811824536 0.7436273121780878
0.5620489799859921 0.07659404876440216
-0.4556113315963231 -0.3467606808218789
-0.058240803781967596 -0.5613646416938948
-0.8139729579648004 0.4083936926910418
-0.552438322804453 -0.724211874159784
0.8735387481278631 0.18879353636584406
-0.6324262628071335 -0.36966553354483
0.0834075399372525 0.0268703722258742
0.12105032234232083 -0.6097335034850647
-0.5280794860451635 -0.5143556481162017
0.3885158664564884 0.127825372509672
-0.012860662944377958 -0.9107549572625643
0.027819377547738187 -0.2655693957815445
0.07104831380848159 -0.43859208637913
-0.5171726361197494 0.21056779911703094
-0.5834890285228854 0.03908725767245481
-0.2930494347298818 0.6758826925330623
0.3967900436923623 0.62102288182405
0.7069981819658024 -0.5740970565620579
-0.08946373896198972 0.07057025591205685
-0.6830940969209311 -0.6024834239131653
-0.8780614264836999 0.2418586776164777
0.43961206269572295 -0.7974059271341218
0.5187939403061108 0.24954924341252635
0.6959379478126987 -0.2834877778631517
0.1523188176697445 -0.13795821166037744
0.19223099394731938 0.16874790195146375
0.4471348228813132 0.4499151663092189
0.7480978745260127 0.5195923994552246
0.9106714254365129 0.014131538683320267
0.5273838702723771 0.7426412001559655
0.519620579601992 -0.25511689941455745
-0.7063342768350382 -0.20737586834066796
-0.7874637294434602 -0.4576712566978383
0.6178523395209445 0.3977699426395062
-0.6652651635576279 0.31007465021839364
0.5775229581687885 0.5715018419235758
-0.20209970919580783 0.20878095730155852
-0.5291339374177995 -0.18432252150340575
-0.4755205361463998 0.5646955331724007
0.09438467339768487 0.5541042816069227
-0.2399911950822763 -0.7195616341078105
-0.8615547278545074 -0.2952943070953542
0.00524936995641583 0.39898895198223344
-0.6544065397308574 0.488048229197462
0.26512384735417927 0.5007013989043615
0.4318253732262229 -0.04516899369812282
-0.19004090813148344 -0.8907263332248384
-0.8975630389650923 0.06243828957596881
0.0198617779303747 0.2150476103605499
0.34826148132814955 0.3015499656408081
-0.23808683511119155 -0.05506279397963429